Models/arenaplanet.dae
diffuse
9.3
-1.28
18.78
0.256064
-0.661148
0.668514
0.224514
0.005
Models/arenaplanet.dae
diffuse
-2.4
-1.28
18.78
-0.0170283
0.940181
0.00939601
-0.340126
0.005
Models/arenaplanet.dae
diffuse
-2.4
-1.28
18.78
-0.0170283
0.940181
0.00939601
-0.340126
0.005
Models/arenaplanet.dae
diffuse
-2.4
-1.28
18.78
0.256064
-0.661148
0.668514
0.224514
0.005
Models/arenaplanet.dae
diffuse
-2.4
-1.28
18.78
-0.0170283
0.940181
0.00939601
-0.340126
0.005
Models/arenaplanet.dae
diffuse
-2.4
-1.28
18.78
-0.0170283
0.940181
0.00939601
-0.340126
0.005